tree
version=v3
num_class=1
num_tree_per_iteration=1
label_index=0
max_feature_idx=22
objective=regression
feature_names=DEATHS_DIRECT MAGNITUDE TOR_LENGTH TOR_WIDTH DURATION STORM_AREA PopDensity HPI EVENT_TYPE_Debris_Flow EVENT_TYPE_Dense_Fog EVENT_TYPE_Drought EVENT_TYPE_Dust_Devil EVENT_TYPE_Dust_Storm EVENT_TYPE_Flash_Flood EVENT_TYPE_Flood EVENT_TYPE_Funnel_Cloud EVENT_TYPE_Hail EVENT_TYPE_Heavy_Rain EVENT_TYPE_High_Wind EVENT_TYPE_Lightning EVENT_TYPE_Thunderstorm_Wind EVENT_TYPE_Tornado EVENT_TYPE_Waterspout
feature_infos=[-0.035670084425470712:167.43683268675562] [-0.89216683985304213:9.522359206009579] [-0.092032346270717311:234.53855203963315] [-0.10434164188050583:59.58928988242014] [-0.11327233475067594:18.604410018930007] [-0.21597112466016591:73.898120526796589] [-0.24153479333738637:53.366358818131836] [-1.3250363353383998:8.5922916524603643] [0:1] none none [0:1] none [0:1] [0:1] [0:1] [0:1] [0:1] [0:1] [0:1] [0:1] [0:1] none
tree_sizes=2760 2769 2802 2756 2787 2780 2759 2779 2756 2759 2782 2752 2813 2754 2784 2799 2793 2779 2789 2810

Tree=0
num_leaves=31
num_cat=0
split_feature=0 3 4 6 7 5 6 0 6 5 0 7 0 4 6 0 6 5 4 13 6 7 5 6 6 7 7 5 4 6
split_gain=2.28968e+16 7.95316e+15 5.94429e+15 8.35416e+15 4.26073e+15 2.51778e+15 4.65972e+15 4.042e+15 2.36503e+15 2.21965e+15 1.23198e+15 1.0177e+15 9.53496e+14 9.40605e+14 1.21981e+15 8.92982e+14 7.4825e+14 8.14968e+14 7.19025e+14 1.14365e+15 1.12498e+15 8.76268e+14 1.11982e+15 6.99357e+14 8.06946e+14 1.10999e+15 6.96598e+14 5.8418e+14 5.51812e+14 5.27229e+14
threshold=24.387403236371775 5.5173739405926954 -0.1063536815811217 -0.005903893417598653 -0.056434358234412091 -0.003149088777726663 10.200009424074041 10.43136133877335 0.18488332397184989 0.61285247063805792 1.0000000180025095e-35 1.4406013928505341 38.343445133970206 -0.0073959756408309143 0.10324261896840857 10.43136133877335 -0.1815122106021847 1.6296688642991473 0.8700150399526374 1.0000000180025095e-35 2.927071177600816 0.26662740275390812 0.6979812849910505 -0.11268574853757206 -0.079652062018971445 -0.045148670424406519 -0.1123617413774418 1.6769626500508004 -0.10299918307467117 0.20085489026069356
decision_type=2 2 2 2 2 2 2 2 2 2 2 2 2 2 2 2 2 2 2 2 2 2 2 2 2 2 2 2 2 2
left_child=1 5 23 15 12 -1 7 10 26 -8 13 -12 -2 -7 -15 16 -4 -18 19 -16 27 22 -20 -3 25 -25 -9 -21 -19 -23
right_child=4 2 3 -5 -6 6 9 8 -10 -11 11 -13 -14 14 18 -17 17 28 21 20 -22 29 -24 24 -26 -27 -28 -29 -30 -31
leaf_value=66749.736276313401 367715.19845762826 102826.34597381618 205479.05688298226 1016482.0313441752 1375187.7970360324 72828.970316981708 279739.48326975619 137832.98886357475 897571.12902496452 949974.73226064176 143924.4630989139 433068.2144862467 801308.65321197629 82901.923330650548 76063.974224299804 539815.38395585399 189517.19964431075 623624.26964264037 128180.23743494324 115189.68740196344 505696.15262262081 346441.6051062856 604873.82231249241 647146.15377756872 154088.25812704687 133060.43197232316 469990.59696333262 243115.85857816937 293772.33692489017 129131.2588029989
leaf_weight=424497 21 1362 354 39 30 42372 30 38 20 21 290 34 32 12061 704 26 38 32 22 256 25 33 28 21 263 21 27 137 21 181
leaf_count=424497 21 1362 354 39 30 42372 30 38 20 21 290 34 32 12061 704 26 38 32 22 256 25 33 28 21 263 21 27 137 21 181
internal_value=68732.8 68499 163851 313224 899030 68067.2 78004.6 77571.3 422104 555719 77049.7 174267 629507 76485.4 88006.9 254993 238352 366229 132430 114962 180473 206673 395129 118152 186589 390103 275806 159785 492928 162642
internal_weight=0 482953 2177 510 83 480776 56279 56228 85 51 56143 324 53 55819 13447 471 445 91 1386 1122 418 264 50 1667 305 42 65 393 53 214
internal_count=483036 482953 2177 510 83 480776 56279 56228 85 51 56143 324 53 55819 13447 471 445 91 1386 1122 418 264 50 1667 305 42 65 393 53 214
shrinkage=1


Tree=1
num_leaves=31
num_cat=0
split_feature=0 2 6 3 7 5 6 0 7 4 5 0 3 3 6 2 6 4 6 0 5 6 4 13 6 5 7 7 6 5
split_gain=2.06644e+16 8.92136e+15 5.97194e+15 5.15185e+15 3.84531e+15 2.65101e+15 4.19062e+15 3.38272e+15 2.77113e+15 3.82068e+15 2.00324e+15 1.59855e+15 1.00269e+15 9.99198e+14 1.09575e+15 1.07044e+15 1.64425e+15 9.41226e+14 1.11112e+15 8.6053e+14 6.24892e+14 9.35775e+14 5.95966e+14 8.42766e+14 1.14827e+15 6.86316e+14 6.25263e+14 2.63814e+15 5.58748e+14 9.49928e+14
threshold=24.387403236371775 10.000993292062914 -0.005903893417598653 6.3822532609731875 -0.056434358234412091 -0.003149088777726663 10.200009424074041 1.0000000180025095e-35 1.7053020705761195 -0.051004456224687869 0.61285247063805792 10.43136133877335 6.085480945156351 4.0335123615085164 -0.10256513794719645 2.9659862702255633 -0.079652062018971445 -0.0073959756408309143 -0.060301567033683147 38.343445133970206 0.57217981489159919 0.1597926332401233 1.590183938056237 1.0000000180025095e-35 2.927071177600816 1.6769626500508004 0.16865904303322546 -0.1123617413774418 0.51877174241791246 2.3851870916822286
decision_type=2 2 2 2 2 2 2 2 2 2 2 2 2 2 2 2 2 2 2 2 2 2 2 2 2 2 2 2 2 2
left_child=1 5 11 -4 19 -1 7 13 -9 -10 -8 12 -3 17 -15 -16 -17 -7 -19 -2 21 -18 23 -20 25 -25 27 -27 -28 -30
right_child=4 2 3 -5 -6 6 10 8 9 -11 -12 -13 -14 14 15 16 20 18 22 -21 -22 -23 -24 24 -26 26 28 -29 29 -31
leaf_value=-1842.3510362884135 284033.28430989588 49727.827104599113 188204.5091349284 1213795.0613125002 1241132.3060416668 3086.1661599107433 200456.35804687502 103601.71282665903 75049.956606657608 1007859.2125 837179.81547619053 483227.03616943362 178690.74301754171 26384.469374851429 21889.165097240693 565219.1160427517 108139.11234305246 11745.851623515442 14923.708428105221 695947.06845703127 79381.306493924581 555937.23931091314 113951.4946448963 34966.326968105182 415115.19437500002 36788.367634662827 30587.547340653582 746245.61382812506 498656.70488281251 87233.568335480391
leaf_weight=424819 21 274 24 25 30 41435 30 429 23 21 21 32 335 1709 141 27 28 11126 1264 32 113 20 313 471 25 38 123 20 20 47
leaf_count=424819 21 274 24 25 30 41435 30 429 23 21 21 32 335 1709 141 27 28 11126 1264 32 113 20 313 471 25 38 123 20 20 47
internal_value=0 -222.118 179437 711465 788783 -479.167 9602.07 9199.5 142360 520254 462637 138768 120668 8092.94 42470.6 126030 204136 6816.36 18310.4 532736 143582 294722 49778.4 39775.3 81996.3 70413.6 137735 281429 93870.4 210046
internal_weight=0 482953 690 49 83 482263 57444 57393 473 44 51 641 609 56920 2038 329 188 54882 13447 53 161 48 2321 2008 744 719 248 58 190 67
internal_count=483036 482953 690 49 83 482263 57444 57393 473 44 51 641 609 56920 2038 329 188 54882 13447 53 161 48 2321 2008 744 719 248 58 190 67
shrinkage=0.05


Tree=2
num_leaves=31
num_cat=0
split_feature=0 2 6 3 7 5 6 0 7 0 3 6 4 3 3 6 4 2 4 6 4 13 3 0 7 4 4 6 7 6
split_gain=1.86496e+16 8.05153e+15 5.38967e+15 4.64954e+15 3.47039e+15 2.40883e+15 5.14647e+15 3.37133e+15 4.29319e+15 1.44269e+15 9.62234e+14 1.20429e+15 9.55256e+14 9.17177e+14 8.31812e+14 6.17167e+14 6.14725e+14 5.60059e+14 5.30417e+14 1.21364e+15 7.30959e+14 9.45802e+14 4.99719e+14 4.99688e+14 4.79483e+14 4.76336e+14 9.59976e+14 4.22062e+14 1.20233e+15 5.76485e+14
threshold=24.387403236371775 10.000993292062914 -0.005903893417598653 6.3822532609731875 -0.056434358234412091 0.57182511149847504 10.200009424074041 1.0000000180025095e-35 1.7053020705761195 10.43136133877335 3.6689063735049756 -0.17047589621169357 -0.10551505695450906 3.2025498772213767 6.3822532609731875 -0.16698049389859079 0.01818207547085442 4.2994700914854507 -0.0073959756408309143 -0.060301567033683147 0.79370019893088772 1.0000000180025095e-35 8.1204911107575111 1.0000000180025095e-35 -0.5141847189848493 0.15529720192202009 0.21400092578490446 0.10324261896840857 0.25796629350436895 0.20085489026069356
decision_type=2 2 2 2 2 2 2 2 2 2 2 2 2 2 2 2 2 2 2 2 2 2 2 2 2 2 2 2 2 2
left_child=1 5 9 -4 14 16 7 10 22 13 18 -12 -13 -3 -2 -15 17 -1 -7 -20 21 -21 -9 -18 -24 -23 -27 -22 -29 -30
right_child=4 2 3 -5 -6 6 -8 8 -10 -11 11 12 -14 15 -16 -17 23 -19 19 20 27 25 24 -25 -26 26 -28 28 29 -31
leaf_value=-1852.0341794114372 270965.80522017047 16828.840742953991 178794.28688354493 1153105.2678750001 1179075.6664583334 4909.5751403155764 795320.82380952383 88541.065288000449 741923.08536458341 459065.69768066407 24343.926488606568 112858.25057337793 419309.16447753907 127845.00952023068 672967.972701928 292765.19957002101 6707.9677128155081 46209.602428832208 11118.190725763701 6342.5877701774843 69263.234125627787 79396.202843473351 109641.53207775299 108636.61713080289 451718.71024414059 460346.85727163462 61636.0086452908 473250.4145182292 366338.331171875 73219.841506019002
leaf_weight=430606 22 172 24 25 30 21971 21 257 30 32 806 277 28 370 31 67 19125 607 6959 677 140 381 21 121 20 26 36 30 20 104
leaf_count=430606 22 172 24 25 30 21971 21 257 30 32 806 277 28 370 31 67 19125 607 6959 677 140 381 21 121 20 26 36 30 20 104
internal_value=0 -211.013 170466 675892 749344 -455.209 12843.7 12326.7 171798 131829 10663.8 56366.9 140991 114635 506099 153130 -1394.16 -1784.38 8990.49 19698.9 61929.1 43510.5 114402 7348.8 276508 100311 228837 132095 189215 120497
internal_weight=0 482953 690 49 83 482263 31804 31783 328 641 31455 1111 305 609 53 437 450459 431213 30344 8373 1414 1120 298 19246 41 443 62 294 154 124
internal_count=483036 482953 690 49 83 482263 31804 31783 328 641 31455 1111 305 609 53 437 450459 431213 30344 8373 1414 1120 298 19246 41 443 62 294 154 124
shrinkage=0.05


Tree=3
num_leaves=31
num_cat=0
split_feature=0 2 6 3 7 5 6 0 6 4 5 0 3 2 6 4 2 3 4 5 0 4 6 3 7 4 13 6 7 5
split_gain=1.68313e+16 7.2665e+15 4.941e+15 4.28554e+15 3.13203e+15 2.20171e+15 3.50686e+15 2.76818e+15 2.33572e+15 3.43211e+15 1.57751e+15 1.49422e+15 8.79833e+14 8.7217e+14 1.13066e+15 1.66265e+15 1.8054e+15 9.82781e+14 1.60389e+15 8.59276e+14 7.62329e+14 7.56293e+14 9.44851e+14 6.05234e+14 8.18e+14 5.67305e+14 8.93927e+14 9.11461e+14 7.17322e+14 9.21108e+14
threshold=24.387403236371775 10.000993292062914 0.025048813714308473 4.6864114563055557 -0.056434358234412091 -0.003149088777726663 10.200009424074041 1.0000000180025095e-35 0.51877174241791246 -0.012847035713813033 0.61285247063805792 10.43136133877335 6.085480945156351 4.9877198056841019 -0.17972363773434732 -0.11054680471418486 6.0161838672423142 7.1453820730736215 -0.10551505695450906 6.8863731505983248 38.343445133970206 -0.0073959756408309143 0.10324261896840857 3.2025498772213767 -0.4467807695910529 0.8700150399526374 1.0000000180025095e-35 2.927071177600816 0.26662740275390812 0.6979812849910505
decision_type=2 2 2 2 2 2 2 2 2 2 2 2 2 2 2 2 2 2 2 2 2 2 2 2 2 2 2 2 2 2
left_child=1 5 11 -4 20 -1 7 13 19 -10 -8 12 -3 21 -15 16 -16 -17 -19 23 -2 -7 -23 -9 -25 26 -24 -28 29 -27
right_child=4 2 3 -5 -6 6 10 8 9 -11 -12 -13 -14 14 15 17 -18 18 -20 -21 -22 22 25 24 -26 28 27 -29 -30 -31
leaf_value=-1674.7545128268587 246711.85801711312 43793.550285755511 157776.49480468751 1169056.1945667614 1120121.90625 3050.0465654801242 190526.14177083335 38398.148578413377 84822.25003487723 919358.67297585239 755554.79880952381 455649.32916666672 164075.86760857078 15265.566901997943 657773.94547164359 29999.893217976889 47588.939220636545 114483.11574707032 594732.2256882441 410537.84249511722 634410.72215576179 12183.626527730305 5867.6951696916067 70718.380480587119 359544.93085937505 50121.964648437504 79554.571391812788 390913.12778906251 81881.930656468758 482456.58906250005
leaf_weight=424819 21 275 20 22 30 41946 30 298 28 22 21 33 340 1041 27 315 22 101 21 20 32 12061 704 66 39 22 393 25 214 28
leaf_count=424819 21 275 20 22 30 41946 30 298 28 22 21 33 340 1041 27 315 22 101 21 20 32 12061 704 66 39 22 393 25 214 28
internal_value=0 -200.462 161942 687494 711876 -432.448 8754.85 8386.58 128846 452018 423185 127879 110291 7385.58 44663 107632 383813 76663.9 197149 90645.6 480794 6357.97 16676.5 74770 177997 55774 40257.2 98176.5 121720 292229
internal_weight=0 482953 690 42 83 482263 57444 57393 473 50 51 648 615 56920 1527 486 49 437 122 423 53 55393 13447 403 105 1386 1122 418 264 50
internal_count=483036 482953 690 42 83 482263 57444 57393 473 50 51 648 615 56920 1527 486 49 437 122 423 53 55393 13447 403 105 1386 1122 418 264 50
shrinkage=0.05


Tree=4
num_leaves=31
num_cat=0
split_feature=0 2 6 3 7 5 6 0 7 0 3 6 3 4 3 4 3 6 5 2 3 5 3 7 4 6 4 13 4 4
split_gain=1.51902e+16 6.55802e+15 4.45925e+15 3.8677e+15 2.82666e+15 1.99332e+15 4.1907e+15 2.77789e+15 3.78192e+15 1.34853e+15 8.2241e+14 1.02199e+15 7.94049e+14 7.76522e+14 7.3725e+14 5.30095e+14 5.27918e+14 4.78721e+14 1.01813e+15 4.49846e+14 9.13946e+14 5.74588e+14 4.36206e+14 9.53796e+14 4.32944e+14 9.68657e+14 6.49014e+14 5.57583e+14 4.8961e+14 9.45661e+14
threshold=24.387403236371775 10.000993292062914 0.025048813714308473 4.6864114563055557 -0.056434358234412091 0.57182511149847504 10.200009424074041 1.0000000180025095e-35 1.7053020705761195 10.43136133877335 3.6689063735049756 -0.17047589621169357 6.085480945156351 -0.10551505695450906 6.3822532609731875 0.01818207547085442 5.5173739405926954 4.1559409709727451 0.79848057971330288 13.575199194208183 8.1204911107575111 1.1342664585503262 3.2025498772213767 -0.4467807695910529 -0.0073959756408309143 -0.060301567033683147 1.590183938056237 1.0000000180025095e-35 0.15529720192202009 0.21400092578490446
decision_type=2 2 2 2 2 2 2 2 2 2 2 2 2 2 2 2 2 2 2 2 2 2 2 2 2 2 2 2 2 2
left_child=1 5 9 -4 14 15 7 10 22 12 17 -12 -3 -13 -2 16 -1 24 -19 21 -21 -14 -9 -24 -7 -26 27 -27 -29 -30
right_child=4 2 3 -5 -6 6 -8 8 -10 -11 11 13 19 -15 -16 -17 -18 18 -20 20 -22 -23 23 -25 25 26 -28 28 29 -31
leaf_value=-1710.1407871679712 235389.45220170455 41603.872112038356 149887.67299804688 1110603.3835227273 1064115.7726171876 4208.8456337033194 717777.03452380956 64834.914388218633 691079.20062500006 432866.86477272725 22463.271537557372 104554.70107086953 268775.53304687503 380852.86785714288 613852.25516633072 6853.8863363950213 35332.383213229994 439976.79601318366 -9609.7282169117661 451304.47047821974 155958.16337044784 53898.213789760048 63867.475292968753 413445.96083679202 9953.0997902027229 17023.61799567912 143621.53754077954 66270.440841999472 455224.17318749998 54928.014388020842
leaf_weight=430249 22 275 20 22 30 21933 21 216 30 33 806 277 40 28 31 19246 964 20 34 33 127 140 50 32 6959 779 182 376 25 36
leaf_count=430249 22 275 20 22 30 21933 21 216 30 33 806 277 40 28 31 19246 964 20 34 33 127 140 50 32 6959 779 182 376 25 36
internal_value=0 -190.439 153845 653120 676283 -410.826 11686.9 11220.4 155977 121485 9710.89 51963 104777 129920 456754 -1264.97 -1627.33 8163.9 156904 155872 216873 101649 102107 200288 7898.73 17582.8 55562.4 42382.5 87587.4 218984
internal_weight=0 482953 690 42 83 482263 31804 31783 328 648 31455 1111 615 305 53 450459 431213 30344 54 340 160 180 298 82 30290 8357 1398 1216 437 61
internal_count=483036 482953 690 42 83 482263 31804 31783 328 648 31455 1111 615 305 53 450459 431213 30344 54 340 160 180 298 82 30290 8357 1398 1216 437 61
shrinkage=0.05


Tree=5
num_leaves=31
num_cat=0
split_feature=0 2 7 0 7 0 4 7 3 4 0 5 3 4 5 3 3 3 3 7 4 1 4 4 7 2 7 7 7 7
split_gain=2.00317e+16 6.88388e+15 5.61804e+15 4.2701e+15 4.6267e+15 2.6939e+15 4.45108e+15 4.67551e+15 2.02981e+15 1.36604e+15 9.69994e+14 8.723e+14 8.36658e+14 7.94661e+14 6.91136e+14 6.6102e+14 6.0853e+14 6.02683e+14 5.16376e+14 5.09537e+14 4.83321e+14 4.71887e+14 9.73238e+14 4.47843e+14 8.9599e+14 7.82423e+14 8.98235e+14 3.34801e+14 3.23245e+14 1.20639e+15
threshold=38.343445133970206 10.869126454290759 -0.065405644950188177 1.0000000180025095e-35 -0.24189662323900676 10.43136133877335 -0.012847035713813033 0.9342008895110876 7.1453820730736215 -0.0073959756408309143 1.0000000180025095e-35 3.6491135158958548 2.3546289748875604 -0.10803093083434696 1.7545244586835167 14.98865041966142 22.111185999265476 5.7887086293395162 1.464312027437054 0.68078589959550795 -0.10593436926781537 2.2733995302023229 -0.10509574464120273 -0.1017412461347522 0.17872788078337845 13.027727830641075 -0.41008438935471342 -0.094800924827411995 0.093882413865027867 -0.075331323869770248
decision_type=2 2 2 2 2 2 2 2 2 2 2 2 2 2 2 2 2 2 2 2 2 2 2 2 2 2 2 2 2 2
left_child=1 5 -2 12 15 8 17 -8 9 18 14 -12 -3 -10 -11 -5 20 -7 21 28 -14 -1 -23 24 25 -22 -27 -24 29 -15
right_child=2 3 -4 4 -6 6 7 -9 13 10 11 -13 16 19 -16 -17 -18 -19 -20 -21 23 22 27 -25 -26 26 -28 -29 -30 -31
leaf_value=-1527.9743192325836 567996.74703125004 -1403.9894154398066 1649858.70921875 432905.96832798555 1111151.2990489132 -13949.077035627695 235684.95115234377 1124720.2078497026 38627.065819438787 5550.210654267149 67155.295249832066 328706.2271496582 21386.844159648947 101347.21307373047 25706.205566472003 82792.66616586539 348172.23229166667 214620.54748263891 12894.97363309144 327742.81260775868 33288.891070449565 22211.221186412135 133815.48296661378 97838.814647391191 516911.63707386371 443700.4712239583 89261.071425189395 380861.01282958989 4334.8364192708332 506068.18117187498
leaf_weight=443322 30 114 20 28 23 145 50 21 978 25188 157 40 77 232 5117 26 36 36 6351 29 57 632 32 140 22 39 33 24 60 20
leaf_count=443322 30 114 20 28 23 145 50 21 978 25188 157 40 77 232 5117 26 36 36 6351 29 57 632 32 140 22 39 33 24 60 20
internal_value=0 -102.785 1.00074e+06 169863 517279 -312.409 163123 498639 -397.824 -567.728 9672.45 120262 118220 61543.5 8953.55 264333 151975 31512.3 -1261.27 127268 132782 -1463.76 39913.2 162257 221983 171685 281249 239692 108635 133468
internal_weight=0 483029 50 595 77 482434 252 71 482182 480863 30502 197 518 1319 30305 54 404 181 450361 341 368 444010 688 291 151 129 72 56 312 252
internal_count=483079 483029 50 595 77 482434 252 71 482182 480863 30502 197 518 1319 30305 54 404 181 450361 341 368 444010 688 291 151 129 72 56 312 252
shrinkage=0.05


Tree=6
num_leaves=31
num_cat=0
split_feature=0 2 7 0 7 0 4 6 3 6 2 7 3 4 5 1 6 3 7 4 6 5 7 4 4 6 3 4 3 5
split_gain=1.80786e+16 6.2127e+15 5.07028e+15 3.85376e+15 4.1756e+15 2.43125e+15 4.0171e+15 8.88235e+15 1.8319e+15 1.32619e+15 1.43602e+15 1.37005e+15 2.89548e+15 1.28961e+15 1.21258e+15 1.00412e+15 1.56571e+15 7.55084e+14 6.24774e+14 5.8654e+14 7.54952e+14 1.54048e+15 6.69877e+14 7.9458e+14 1.53865e+15 5.78775e+14 9.91557e+14 6.14404e+14 6.82527e+14 5.54482e+14
threshold=38.343445133970206 10.869126454290759 -0.065405644950188177 1.0000000180025095e-35 -0.24189662323900676 10.43136133877335 -0.012847035713813033 0.11892216928941862 7.1453820730736215 -0.12174932541965629 2.9659862702255633 0.093882413865027867 13.208016524760406 -0.11096611702749119 0.24159625248731584 2.2733995302023229 -0.12319461031702326 2.3546289748875604 -0.46935214521106411 0.69264593142406528 -0.16698049389859079 3.3204217049216509 -0.5392613741398512 1.8962819267698479 2.5915017422317219 -0.20452532554614603 22.111185999265476 -0.10593436926781537 9.7400200342150995 2.5426753982352399
decision_type=2 2 2 2 2 2 2 2 2 2 2 2 2 2 2 2 2 2 2 2 2 2 2 2 2 2 2 2 2 2
left_child=1 5 -2 17 18 8 -7 -8 13 -10 -11 12 -12 -1 -13 19 -17 -3 -5 -15 -21 -22 -23 -24 -25 26 -19 -27 29 -29
right_child=2 3 -4 4 -6 6 7 -9 9 10 11 14 -14 15 -16 16 -18 25 -20 20 21 22 23 24 -26 27 -28 28 -30 -31
leaf_value=-1938.2901365323478 539596.91135416669 -1333.790153369569 1567365.7075 381556.08107192098 1055593.7243631114 29936.670449593053 123492.07460937501 1366755.395703125 33564.68938642188 10594.448083984375 126299.10150991588 458190.65725661063 915672.99174107146 2950.6408715879493 69548.587863991488 43925.952575939686 397803.48907592776 61966.186759624223 29368.528749999998 8281.745371757992 26825.303020229025 422715.46619318187 32916.937571614588 579349.04326171882 132663.58534408882 28261.687902462123 382945.22314814816 197082.38863932295 150539.85030598959 502536.68458032853
leaf_weight=372215 30 114 20 34 23 181 51 20 1058 100 26 26 21 99477 88 143 40 221 20 6886 1853 22 105 24 98 33 27 24 60 39
leaf_count=372215 30 114 20 34 23 181 51 20 1058 100 26 26 21 99477 88 143 40 221 20 6886 1853 22 105 24 98 33 27 24 60 39
internal_value=0 -97.6458 950704 161370 491415 -296.788 154967 473707 -377.933 58466.3 159408 251839 478998 -539.342 158186 4253.29 121276 112309 251116 4055.85 16288 42516 159283 133752 220536 144376 96911.5 219833 271230 386173
internal_weight=0 483029 50 595 77 482434 252 71 482182 1319 261 161 47 480863 114 108648 183 518 54 108465 8988 2102 249 227 122 404 248 156 123 63
internal_count=483079 483029 50 595 77 482434 252 71 482182 1319 261 161 47 480863 114 108648 183 518 54 108465 8988 2102 249 227 122 404 248 156 123 63
shrinkage=0.05


Tree=7
num_leaves=31
num_cat=0
split_feature=0 2 7 0 7 0 4 7 2 4 3 0 5 3 7 0 5 2 2 4 3 13 3 4 7 7 4 5 7 5
split_gain=1.6316e+16 5.64344e+15 4.57593e+15 3.75514e+15 3.69466e+15 2.19015e+15 3.63098e+15 3.96796e+15 1.86636e+15 1.16705e+15 1.09413e+15 8.99217e+14 9.79559e+14 6.86992e+14 6.22992e+14 6.92105e+14 6.44052e+14 1.14074e+15 6.00506e+14 1.66107e+15 5.98571e+14 5.91966e+14 5.45497e+14 5.26867e+14 6.3458e+14 1.41448e+15 5.24418e+14 5.19301e+14 9.63104e+14 4.99436e+14
threshold=38.343445133970206 11.717707067819779 -0.065405644950188177 1.0000000180025095e-35 -0.27666035926263916 10.43136133877335 -0.012847035713813033 0.9342008895110876 3.6581464941639794 0.020278637037386006 7.1453820730736215 1.0000000180025095e-35 3.6491135158958548 14.98865041966142 -0.27666035926263916 1.0000000180025095e-35 1.360921926765196 5.2536344679881255 5.8402109289528861 -0.10719230620773433 2.3546289748875604 1.0000000180025095e-35 7.1453820730736215 0.087787919479703033 -0.20522410280776246 -0.18305834387436884 0.69264593142406528 4.0889457233864563 0.1482111900666826 -0.21360643537262944
decision_type=2 2 2 2 2 2 2 2 2 2 2 2 2 2 2 2 2 2 2 2 2 2 2 2 2 2 2 2 2 2
left_child=1 5 -2 20 13 8 22 -8 9 -1 -10 21 -13 -5 15 29 17 -16 -19 -20 -3 26 -7 -23 -25 -26 -11 -27 -29 -12
right_child=2 3 -4 4 -6 6 7 -9 10 11 14 12 -14 -15 16 -17 -18 18 19 -21 -22 23 -24 24 25 27 -28 28 -30 -31
leaf_value=-1192.0365145591163 512617.06942708336 -2120.9811780206087 1488997.4953125 458915.25856250006 1086346.3659375 -8693.3601182021102 207779.99830859376 1026787.8053571429 21301.601754547948 -1289.8533082360539 260338.47561035157 62305.039016502495 355171.14299045142 80269.996603260865 68857.641982421876 279231.99140014651 55646.813814538044 568549.07836425782 28009.11099403783 498663.19866976351 145495.34504456783 12265.816571671225 227698.40625 20874.029278798054 467687.8821161685 53187.684144987172 14603.004859712351 469195.69183238636 88601.685340073542 25838.201874866623
leaf_weight=452606 30 87 20 25 20 154 50 21 2438 12573 24 138 36 23 80 32 115 20 38 37 326 3138 29 1019 23 626 8840 22 68 421
leaf_count=452606 30 87 20 25 20 154 50 21 2438 12573 24 138 36 23 80 32 115 20 38 37 326 3138 29 1019 23 626 8840 22 68 421
internal_value=0 -92.7636 903169 171087 515383 -263.394 146520 450022 -340.698 -595.098 37687.5 9606.83 122898 277481 89772.2 54636.1 147565 207968 325114 260198 114399 8857.56 28767.6 24542.5 46456.3 81731.4 5271.25 69333.4 181636 38485.4
internal_weight=0 483029 50 481 68 482548 254 71 482294 479089 3205 26483 174 48 767 477 290 175 95 75 413 26309 183 4896 1758 739 21413 716 90 445
internal_count=483079 483029 50 481 68 482548 254 71 482294 479089 3205 26483 174 48 767 477 290 175 95 75 413 26309 183 4896 1758 739 21413 716 90 445
shrinkage=0.05


Tree=8
num_leaves=31
num_cat=0
split_feature=2 6 3 6 2 5 3 3 7 3 5 2 6 4 6 5 13 4 7 4 7 6 4 4 7 5 6 3 5 4
split_gain=7.25386e+15 3.37874e+15 2.31076e+15 2.09707e+15 2.42515e+15 3.72422e+15 1.73037e+15 1.51018e+15 1.35695e+15 2.89641e+15 1.30645e+15 1.08108e+15 8.19384e+14 8.01287e+14 1.36126e+15 1.06871e+15 1.2712e+15 1.42736e+15 1.03273e+15 1.89757e+15 1.17862e+15 9.91997e+14 7.76763e+14 7.58999e+14 7.12157e+14 7.399e+14 6.49639e+14 7.55551e+14 1.00943e+15 1.21275e+15
threshold=11.717707067819779 0.025048813714308473 5.5173739405926954 -0.1157080456665761 3.8145668837545821 0.31371927575862685 14.395105788027749 16.43011595362891 0.020680531833110114 9.8756873785885109 -0.12020120851302833 17.775086654715864 10.200009424074041 0.020278637037386006 -0.12174932541965629 1.5338989481520098 1.0000000180025095e-35 0.96645687201309027 0.13830937095219567 0.15529720192202009 2.112469644524841 1.5748659498987831 0.037889754196251318 -0.082033567409355315 -0.2119287080394994 3.409097553206053 -0.20730450175871709 3.2025498772213767 3.409097553206053 -0.1017412461347522
decision_type=2 2 2 2 2 2 2 2 2 2 2 2 2 2 2 2 2 2 2 2 2 2 2 2 2 2 2 2 2 2
left_child=2 6 10 -4 -5 -6 26 -8 9 -7 -1 -9 13 -12 -15 21 17 -17 19 -18 -20 -16 -23 -14 25 -19 -2 -28 29 -29
right_child=1 -3 3 4 5 8 7 11 -10 -11 12 -13 23 14 15 16 18 24 20 -21 -22 22 -24 -25 -26 -27 27 28 -30 -31
leaf_value=-1482.0525638381723 30687.297403157558 756099.94662499998 28988.186455807987 41591.101603929928 794354.79509828635 14453.148712713068 541029.80098090274 82803.853200954865 85884.966910475137 825795.17116477282 3025.7621413574202 409663.51239983976 306463.10337936046 7967.0467428027841 16230.839408391716 8567.9879703072947 191718.11387033772 147393.64830729167 56966.723297806297 751817.92693359382 395439.01995967748 372551.2128479004 88826.083296795288 -44521.461718750004 113696.12175452686 559170.74284179683 18510.036363549327 571745.48674107145 50704.995876736117 97997.774147727279
leaf_weight=411978 180 25 1580 198 31 22 45 72 98 22 54297 39 43 11037 2048 544 62 24 151 20 31 32 98 24 214 20 51 35 36 22
leaf_count=411978 180 25 1580 198 31 22 45 72 98 22 54297 39 43 11037 2048 544 62 24 151 20 31 32 98 24 214 20 51 35 36 22
internal_value=0 189401 -197.512 54107.4 161084 297845 159886 296699 189452 420124 -417.953 197646 5968.32 5797.57 16336.1 44810 85831.4 54504.8 180998 328328 114619 24732.5 158666 180737 151364 334565 94012.8 173170 257983 388895
internal_weight=0 505 482574 1951 371 173 480 156 142 44 480623 111 68645 68578 14281 3244 1066 802 264 82 182 2178 130 67 258 44 324 144 93 57
internal_count=483079 505 482574 1951 371 173 480 156 142 44 480623 111 68645 68578 14281 3244 1066 802 264 82 182 2178 130 67 258 44 324 144 93 57
shrinkage=0.05


Tree=9
num_leaves=31
num_cat=0
split_feature=0 2 7 0 7 0 6 4 2 6 3 7 4 0 7 3 5 7 5 6 4 7 6 3 6 6 4 3 5 3
split_gain=1.4338e+16 4.56993e+15 4.11268e+15 3.01472e+15 3.49245e+15 1.934e+15 3.47574e+15 6.98137e+15 1.39797e+15 1.18051e+15 1.55331e+15 1.7181e+15 9.72567e+14 7.80383e+14 7.47124e+14 6.55259e+14 6.24605e+14 5.6185e+14 5.30853e+14 1.06986e+15 5.86206e+14 8.56309e+14 5.27586e+14 5.44995e+14 5.10094e+14 8.67497e+14 4.73384e+14 6.72083e+14 5.0814e+14 4.68851e+14
threshold=38.343445133970206 10.869126454290759 -0.065405644950188177 1.0000000180025095e-35 -0.24189662323900676 10.43136133877335 0.51877174241791246 -0.075743882709760554 3.3453057149827745 -0.1157080456665761 7.4421543888904571 0.093882413865027867 -0.0073959756408309143 1.0000000180025095e-35 1.3057934940629414 22.111185999265476 0.24159625248731584 -0.46935214521106411 1.7545244586835167 -0.12978515511231745 1.057237987843908 -0.24965105989493028 -0.20452532554614603 2.3546289748875604 0.10324261896840857 0.32307075379284061 -0.10593436926781537 9.7400200342150995 2.5426753982352399 1.9730645688373436
decision_type=2 2 2 2 2 2 2 2 2 2 2 2 2 2 2 2 2 2 2 2 2 2 2 2 2 2 2 2 2 2
left_child=1 5 -2 15 17 8 -7 -8 12 -10 29 -12 -1 18 -15 22 -13 -5 -14 -20 -21 -22 -3 -24 -23 -26 -25 28 -28 -11
right_child=2 3 -4 4 -6 6 7 -9 9 10 11 16 13 14 -16 -17 -18 -19 19 20 21 24 23 26 25 -27 27 -29 -30 -31
leaf_value=-1145.0295505953875 476401.075625 35769.504369513306 1402040.3657812502 334243.06796875002 946278.32934782619 49308.455633098325 1559.1489872685186 1234074.4559082033 17049.743171638653 7011.0458126608901 567860.6556152344 377969.37782738102 4454.436100600723 74544.387774209928 396946.48502441408 300774.89049479167 65457.109293376867 261.33203125 9754.4746830796921 47212.090463487591 372782.51982717804 24477.261871683375 2895.0401517427886 17664.086214717743 476902.82843749999 96662.301015625009 166986.05428059897 106399.47206662735 459397.20833333331 99612.214502038201
leaf_weight=448275 30 283 20 34 23 205 27 20 2737 261 32 21 25188 177 20 36 67 20 3959 939 33 106 52 31 20 60 24 53 39 287
leaf_count=448275 30 283 20 34 23 205 27 20 2737 261 32 21 25188 177 20 36 67 20 3959 939 33 106 52 31 20 60 24 53 39 287
internal_value=0 -86.9846 846657 138397 430310 -257.781 138222 526034 -330.153 31594.2 91187.3 254121 -557.195 8081.96 107276 95004.1 140034 210546 7437.14 22119.3 64392.4 138056 79635.3 142017 96410.7 191722 191231 237615 348002 55508.4
internal_weight=0 483029 50 595 77 482434 252 47 482182 3405 668 120 478777 30502 197 518 88 54 30305 5117 1158 219 482 199 186 80 147 116 63 548
internal_count=483079 483029 50 595 77 482434 252 47 482182 3405 668 120 478777 30502 197 518 88 54 30305 5117 1158 219 482 199 186 80 147 116 63 548
shrinkage=0.05


Tree=10
num_leaves=31
num_cat=0
split_feature=0 0 5 5 6 2 6 2 3 6 5 6 4 0 3 5 6 1 4 13 4 5 6 2 4 7 2 6 16 1
split_gain=1.17117e+16 4.71474e+15 4.01907e+15 3.19586e+15 5.29358e+15 2.59039e+15 2.49848e+15 2.08315e+15 1.77198e+15 1.6282e+15 1.16562e+15 3.76212e+15 1.15472e+15 9.79245e+14 1.16928e+15 6.72337e+14 4.77205e+14 8.27341e+14 7.20775e+14 7.07565e+14 1.77644e+15 4.20668e+14 4.08478e+14 5.82584e+14 3.96072e+14 3.53499e+14 3.21855e+14 3.04748e+14 3.0107e+14 5.03727e+15
threshold=10.43136133877335 38.343445133970206 1.4629582695244878 -0.076454456692742853 0.11892216928941862 5.2536344679881255 -0.15548352097841925 12.12831059049511 6.3822532609731875 0.025048813714308473 0.13991461312119011 10.200009424074041 -0.1063536815811217 1.0000000180025095e-35 3.2025498772213767 4.9863453080246236 -0.13596653899158909 2.3483241780142845 0.18171387766031805 1.0000000180025095e-35 0.21400092578490446 1.8886023412896182 -0.036941234261612242 6.6770600132626097 -0.11054680471418486 0.20082206030148658 13.027727830641075 -0.093861640349727785 1.0000000180025095e-35 -0.8003841462833895
decision_type=2 2 2 2 2 2 2 2 2 2 2 2 2 2 2 2 2 2 2 2 2 2 2 2 2 2 2 2 2 2
left_child=5 3 -3 -2 7 10 -7 21 24 22 -1 13 -11 16 15 -15 -12 18 28 -20 -21 -5 23 -10 -8 -25 -26 -22 -18 -30
right_child=1 2 -4 4 -6 6 8 -9 9 12 11 -13 -14 14 -16 -17 17 -19 19 20 27 -23 -24 25 26 -27 -28 -29 29 -31
leaf_value=-1191.0977067208398 -750.20208629261367 1184543.0985000001 326155.16458333336 23162.936479143416 883596.624077691 25357.538824136427 272164.13479687501 539614.60866071435 453491.87109375 293039.25778556033 2709.6560871520674 620327.01437500003 756738.35312500002 35238.341911789466 411331.3615017361 270332.17197544646 6608.0482703563894 256372.50425990514 35763.057936320758 537189.04299999995 240532.12971618652 231603.29936655407 7173.7180555555569 238235.21531862748 49948.730305845354 11698.819681490386 253218.00766369049 22319.03721435547 6862.1331126335754 367977.4545559485
leaf_weight=434239 110 25 30 70 36 1720 25 35 22 29 31290 25 25 232 27 35 11851 35 1325 25 20 37 27 51 268 26 21 80 1547 103
leaf_count=434239 110 25 30 70 36 1720 25 35 22 29 31290 25 25 232 27 35 11851 35 1325 25 20 37 27 51 268 26 21 80 1547 103
internal_value=0 292135 716331 211126 342060 -136.231 53823 204769 152934 278007 -384.687 7130.61 507715 6801.43 97764.9 66055.9 6223.52 13560.3 12991.9 46491 160207 95240.4 179561 226576 81235.5 161742 64719.2 65961.7 9394.07 29404.5
internal_weight=0 343 55 288 178 483048 2214 142 494 180 480834 46595 54 46570 294 267 46276 14986 14951 1450 125 107 126 99 314 77 289 100 13501 1650
internal_count=483391 343 55 288 178 483048 2214 142 494 180 480834 46595 54 46570 294 267 46276 14986 14951 1450 125 107 126 99 314 77 289 100 13501 1650
shrinkage=0.05


Tree=11
num_leaves=31
num_cat=0
split_feature=2 6 3 5 2 6 5 6 5 2 7 7 7 3 4 6 13 7 7 4 4 5 4 6 7 6 4 1 7 4
split_gain=4.61318e+15 3.24663e+15 3.31462e+15 1.98177e+15 3.82669e+15 2.93868e+15 1.24716e+15 2.16862e+15 2.22298e+15 1.04146e+15 1.7244e+15 8.96766e+14 8.56289e+14 9.51163e+14 6.62917e+14 1.20415e+15 8.71773e+14 1.38325e+15 1.77638e+15 8.92556e+14 6.99109e+14 6.78647e+14 7.55484e+14 6.46556e+14 5.96595e+14 4.99321e+14 9.84133e+14 4.46005e+14 4.33721e+14 4.02575e+14
threshold=4.9877198056841019 -0.15548352097841925 6.3822532609731875 0.96637351913179348 14.107028518816232 -0.10056914661564519 -0.11783651922544987 10.200009424074041 0.24159625248731584 13.575199194208183 0.16865904303322546 0.65869172007739973 -0.46496194107355665 14.395105788027749 -0.012847035713813033 0.10324261896840857 1.0000000180025095e-35 2.112469644524841 2.7633412677154161 0.8700150399526374 0.033696631063188154 3.0957762226011512 1.8962819267698479 -0.22034988746662879 0.4353639443868032 0.66001885396969417 1.3159536851539055 2.0860879106724197 3.9645154356205112 -0.11054680471418486
decision_type=2 2 2 2 2 2 2 2 2 2 2 2 2 2 2 2 2 2 2 2 2 2 2 2 2 2 2 2 2 2
left_child=6 9 29 5 11 -4 -1 14 28 -2 12 -5 13 -11 27 -16 19 -18 20 -17 -19 25 -23 -15 -7 -21 -27 -8 -9 -3
right_child=1 2 3 4 -6 24 7 8 -10 10 -12 -13 -14 23 15 16 17 18 -20 21 -22 22 -24 -25 -26 26 -28 -29 -30 -31
leaf_value=-1318.1805738366099 22760.075202559277 241116.73760340075 63756.597045898438 50731.841195618879 770045.3597222222 979329.20131392055 2444.0716457309022 -33617.118970630792 715884.74732142861 68639.07751277044 564683.25851934531 402704.47443181818 -10480.030416370741 121696.1278125 9513.1119324453593 1527.6655809756301 67776.274985510696 618929.63696120691 8970.3084441356168 23535.289307165658 274652.08124999999 20465.302790178572 399809.18188058038 484093.14489746094 606746.21279761905 466012.75033482147 48429.526871366281 64522.928411031506 273587.08245117188 59789.928484610398
leaf_weight=412680 1659 34 20 102 27 22 50385 27 21 78 21 22 110 20 15594 911 583 29 39 186 30 21 35 32 21 21 43 291 20 307
leaf_count=412680 1659 34 20 102 27 22 50385 27 21 78 21 22 110 20 15594 911 583 29 39 186 30 21 35 32 21 21 43 291 20 307
internal_value=0 68155.2 174668 328913 230632 564477 -282.81 5978.94 288201 37366.3 130208 113179 92191.4 179067 5697.41 14089.9 51692.9 96992.6 270800 26344.4 443873 100227 257555 344710 797370 64985.2 185449 2800.55 97108.1 77869.4
internal_weight=0 2475 555 214 151 63 480916 68236 68 1920 261 124 240 130 68168 17492 1898 681 98 1217 59 306 56 52 43 250 64 50676 47 341
internal_count=483391 2475 555 214 151 63 480916 68236 68 1920 261 124 240 130 68168 17492 1898 681 98 1217 59 306 56 52 43 250 64 50676 47 341
shrinkage=0.05


Tree=12
num_leaves=31
num_cat=0
split_feature=2 6 3 6 2 7 7 4 2 7 1 6 7 3 6 3 6 4 13 7 7 4 7 2 16 1 6 4 6 6
split_gain=4.1634e+15 2.93008e+15 2.99145e+15 1.76615e+15 2.55526e+15 1.8482e+15 5.12823e+15 1.04837e+15 9.39916e+14 1.55627e+15 8.67864e+14 1.18339e+15 7.72801e+14 8.58425e+14 5.83516e+14 5.13336e+14 4.65256e+14 4.44917e+14 1.24259e+15 9.35294e+14 1.02431e+15 4.81939e+14 7.24718e+14 4.26195e+14 4.25993e+14 3.11603e+15 2.88723e+15 3.64831e+15 2.7775e+15 9.82336e+14
threshold=4.9877198056841019 -0.15548352097841925 6.3822532609731875 0.014949242989590966 9.7155260810600659 0.10485792420879649 -0.19119453741181475 -0.11096611702749119 13.575199194208183 0.16865904303322546 2.2733995302023229 -0.12319461031702326 -0.46496194107355665 14.395105788027749 -0.22034988746662879 4.6864114563055557 4.1559409709727451 0.044179438895846072 1.0000000180025095e-35 -0.20522410280776246 -0.19119453741181475 0.7442213459607423 1.2737497758201559 9.5630162012092281 1.0000000180025095e-35 -0.8003841462833895 -0.14228953262495866 -0.10299918307467117 -0.018117519187676182 -0.1157080456665761
decision_type=2 2 2 2 2 2 2 2 2 2 2 2 2 2 2 2 2 2 2 2 2 2 2 2 2 2 2 2 2 2
left_child=7 8 -3 5 -5 6 23 -1 -2 12 15 -12 13 -10 -15 16 17 24 21 -20 -21 -19 -23 -4 -9 -26 -27 29 -29 -28
right_child=1 2 3 4 -6 -7 -8 10 9 -11 11 -13 -14 14 -16 -17 -18 18 19 20 -22 22 -24 -25 25 26 27 28 -30 -31
leaf_value=-1523.8442479383737 21622.071505992997 73975.96264218865 3256.8850725446428 311584.52765261632 984458.99583333347 15191.533209228517 956580.91947115387 333.42662779136208 65207.12380699745 536449.09069940483 38791.843934375 340297.2862504439 -9956.0291495028414 115611.32250000001 459888.47958984377 45228.043294216295 46244.738484470203 -1711.2876033867044 15427.356404889515 366260.71275592677 65612.43289489497 10499.505261625585 74537.313266563011 273556.73550000001 3417.6260269843174 54785.492753649261 469212.6464308966 301037.06721297553 1096371.5730305992 96557.412536621094
leaf_weight=373068 1659 341 35 43 21 64 26 73333 78 21 125 44 110 20 32 746 636 11342 1668 29 1227 8191 467 25 9293 570 21 23 21 112
leaf_count=373068 1659 341 35 43 21 64 26 73333 78 21 125 44 110 20 32 746 636 11342 1668 29 1227 8191 467 25 9293 570 21 23 21 112
internal_value=0 64747.5 165935 312467 532371 218642 370047 -268.669 35498 123698 4073.23 117290 87581.9 170114 327474 3895.54 3607.19 3352.08 9521.1 39966.1 72554.2 5070.05 13953.6 115882 1655.87 11315.1 109563 285964 680629 155398
internal_weight=0 2475 555 214 64 150 86 480916 1920 261 107848 169 240 130 52 107679 106933 106297 22924 2924 1256 20000 8658 60 83373 10040 747 177 44 133
internal_count=483391 2475 555 214 64 150 86 480916 1920 261 107848 169 240 130 52 107679 106933 106297 22924 2924 1256 20000 8658 60 83373 10040 747 177 44 133
shrinkage=0.05


Tree=13
num_leaves=31
num_cat=0
split_feature=0 0 5 5 7 2 2 5 0 3 3 7 2 5 7 1 2 7 7 3 2 5 5 3 7 20 1 7 1 1
split_gain=1.00113e+16 4.0475e+15 3.62657e+15 2.73392e+15 2.7012e+15 2.30573e+15 1.81739e+15 8.93818e+14 8.94877e+14 1.02028e+15 6.40293e+14 6.45003e+14 7.95938e+14 5.89993e+14 4.19504e+14 3.96629e+14 3.93712e+14 5.23987e+14 1.50101e+15 7.26689e+14 3.94686e+14 4.2546e+14 9.22716e+14 7.85734e+14 3.53385e+14 3.05837e+14 2.13824e+15 3.09408e+15 5.85974e+14 4.21196e+14
threshold=10.43136133877335 38.343445133970206 1.4629582695244878 -0.076454456692742853 1.4406013928505341 12.12831059049511 5.2536344679881255 0.13991461312119011 1.0000000180025095e-35 3.2025498772213767 2.3546289748875604 0.4353639443868032 10.000993292062914 4.9863453080246236 0.90513964690519588 1.8613139672365355 6.0161838672423142 -0.6179987309538435 -0.52857218145722429 13.208016524760406 14.107028518816232 2.1014243771721839 3.409097553206053 8.1204911107575111 0.15751651405379077 1.0000000180025095e-35 -0.8003841462833895 0.35519499926710191 -0.79382823959984283 -0.74044442803382038
decision_type=2 2 2 2 2 2 2 2 2 2 2 2 2 2 2 2 2 2 2 2 2 2 2 2 2 2 2 2 2 2
left_child=6 3 -3 -2 5 -5 7 -1 15 13 -8 16 -13 -10 -14 25 17 -12 -19 24 -18 -22 23 -23 -20 26 -9 29 -29 -28
right_child=1 2 -4 4 -6 -7 10 8 9 -11 11 12 14 -15 -16 -17 20 18 19 -21 21 22 -24 -25 -26 -27 27 28 -30 -31
leaf_value=-1045.0020803175348 -931.85711869673287 1107889.5585 292492.9991666667 141215.68002162964 863595.94851562497 592250.04894425673 3582.7556226983688 6195.3749787641336 34783.192897498659 386008.38096064818 15104.414008946573 87146.167314621503 505092.86453125003 254948.39495535719 200503.01754807692 50434.998833786325 26498.78071315572 558252.64914434531 2716.042393195492 346301.26012500003 -33112.428054082964 568596.07976562507 60612.690028889978 148131.76284375001 231242.60756138392 -1878.2740599817789 42589.398314967977 247615.92303125001 556194.56390991213 223303.07451171876
leaf_weight=434239 110 25 30 121 20 37 655 33978 233 27 93 116 20 35 26 490 967 21 87 25 42 20 96 25 21 11422 309 25 40 36
leaf_count=434239 110 25 30 121 20 37 655 33978 233 27 93 116 20 35 26 490 967 21 87 25 42 20 96 25 21 11422 309 25 40 36
internal_value=0 270093 663128 195034 316136 246838 -130.735 -338.844 6242.15 93050.5 45066 62494.8 156938 63536.1 332933 5689.05 51543 108818 165411 103383 39241.4 106575 148185 335005 47151.8 5210.43 7564.95 121066 437510 61446.5
internal_weight=0 343 55 288 178 158 483048 480834 46595 295 2214 1559 162 268 46 46300 1397 247 154 133 1150 183 141 45 108 45810 34388 410 65 345
internal_count=483391 343 55 288 178 158 483048 480834 46595 295 2214 1559 162 268 46 46300 1397 247 154 133 1150 183 141 45 108 45810 34388 410 65 345
shrinkage=0.05


Tree=14
num_leaves=31
num_cat=0
split_feature=0 0 7 5 6 2 6 4 7 5 5 6 2 0 3 6 5 6 5 6 1 4 13 4 4 4 4 6 5 6
split_gain=9.05597e+15 2.90827e+15 2.83894e+15 1.88593e+15 3.55142e+15 1.64019e+15 1.775e+15 1.52635e+15 1.43105e+15 1.03474e+15 8.0667e+14 3.03111e+15 7.89354e+14 7.78685e+14 9.32065e+14 6.19896e+14 5.44078e+14 4.9132e+14 7.14557e+14 4.10232e+14 6.40814e+14 5.92452e+14 3.80488e+14 4.37559e+14 5.5518e+14 4.16471e+14 1.60567e+15 3.21392e+14 3.19559e+14 3.17534e+14
threshold=24.387403236371775 10.43136133877335 -0.065405644950188177 0.17065557385979407 0.11892216928941862 5.2536344679881255 -0.15548352097841925 -0.11054680471418486 -0.46496194107355665 4.0889457233864563 0.13991461312119011 10.200009424074041 6.1608727276136213 1.0000000180025095e-35 3.2025498772213767 -0.14966107556240335 4.9863453080246236 0.052348754990373808 0.72990459037344368 -0.13596653899158909 2.3483241780142845 0.012311703084565983 1.0000000180025095e-35 1.057237987843908 1.0947664398848234 0.18171387766031805 0.21400092578490446 1.8489646117970979 3.0957762226011512 0.10324261896840857
decision_type=2 2 2 2 2 2 2 2 2 2 2 2 2 2 2 2 2 2 2 2 2 2 2 2 2 2 2 2 2 2
left_child=1 5 8 -3 12 10 -7 -8 -2 15 -1 13 -5 19 16 -9 -15 -17 -19 -12 21 -21 23 -23 -25 27 -27 -24 -14 -26
right_child=2 3 -4 4 -6 6 7 9 -10 -11 11 -13 28 14 -16 17 -18 18 -20 20 -22 22 25 24 29 26 -28 -29 -30 -31
leaf_value=-992.75204471637869 470342.76124999998 22262.406834268113 853589.02279017866 49530.160726436494 797865.51875000005 18820.017609267124 478284.38146551728 356704.6036328125 -59844.713125000002 388417.05108072917 1861.2629117451831 556337.79075000004 454680.4455163044 30716.714399482462 366707.96371527785 33727.48236184616 242200.96776785716 324090.30580221041 74341.127877261519 6890.9910457922324 225616.68499162947 4496.351012568809 39318.640803069 297455.58271059784 21399.370973731682 505487.53025390627 57481.942964843758 229945.42269021738 191109.97289402175 101414.66469672906
leaf_weight=434239 35 117 35 62 28 1720 29 20 20 30 31290 25 23 232 27 279 35 41 95 12385 35 1252 572 23 389 25 100 23 23 182
leaf_count=434239 35 117 35 62 28 1720 29 20 20 30 31290 25 23 232 27 279 35 41 95 12385 35 1252 572 23 389 25 100 23 23 182
internal_value=0 -35.4332 501564 169443 296061 -124.199 42812.7 126350 277547 104401 -321.902 5930.04 165963 5634.57 86749.8 84814.2 58439.4 71711 149633 5119.23 11921.7 11421.4 33288 21263.7 56604.9 64117.2 147083 46687.4 322895 46903.4
internal_weight=0 483301 90 253 136 483048 2214 494 55 465 480834 46595 108 46570 294 435 267 415 136 46276 14986 14951 2566 1846 594 720 125 595 46 571
internal_count=483391 483301 90 253 136 483048 2214 494 55 465 480834 46595 108 46570 294 435 267 415 136 46276 14986 14951 2566 1846 594 720 125 595 46 571
shrinkage=0.05


Tree=15
num_leaves=31
num_cat=0
split_feature=0 0 5 6 3 5 6 3 4 4 6 4 6 7 6 4 13 7 7 7 6 7 3 6 6 7 1 1 5 6
split_gain=7.34351e+15 2.15201e+15 2.77496e+15 4.42131e+15 1.01786e+15 8.55743e+14 2.87143e+15 6.92544e+14 7.3157e+14 6.73863e+14 9.13454e+14 1.24267e+15 6.62383e+14 6.64915e+14 5.76509e+14 5.6637e+14 1.04014e+15 8.29647e+14 1.64312e+15 5.27968e+14 6.57085e+14 4.07711e+14 3.41654e+14 3.38841e+14 6.98534e+14 6.96683e+15 7.92742e+15 1.27811e+16 5.74041e+14 1.57289e+15
threshold=45.321466082769419 1.0000000180025095e-35 3.0957762226011512 0.025048813714308473 4.0335123615085164 0.17065557385979407 0.51877174241791246 7.7304474956839551 -0.10509574464120273 -0.1063536815811217 -0.17047589621169357 -0.10341849538797747 -0.19449603960129055 0.20082206030148658 -0.1725053830141515 0.081917547093414603 1.0000000180025095e-35 -0.20522410280776246 -0.19119453741181475 -0.41008438935471342 -0.062305417935989198 -1.3189998046493268 24.739740796500303 1.4808762191757816 1.5748659498987831 1.8384159232019568 -0.83410023779877207 0.77490657396309681 0.65186984388310243 4.1559409709727451
decision_type=2 2 2 2 2 2 2 2 2 2 2 2 2 2 2 2 2 2 2 2 2 2 2 2 2 2 2 2 2 2
left_child=1 4 5 12 15 -3 7 -7 14 21 22 19 -4 -14 -9 23 -17 -18 -19 -12 -21 -6 -11 -1 25 -25 -27 -28 -26 -30
right_child=-2 2 3 -5 9 6 -8 8 -10 10 11 -13 13 -15 -16 16 17 18 -20 20 -22 -23 -24 24 28 26 27 -29 29 -31
leaf_value=-1060.8555209582098 704308.55185810814 12929.369155325279 808.92942708333339 786771.51940917969 242399.60119140625 20079.180887538037 554346.42289123533 -14510.449171112805 424784.86535326089 29852.743425970428 542221.77375000005 5143.9509615389206 390657.65803222661 33579.103710937503 307646.30982142861 4069.2005263117317 15014.878989468551 518871.13906250003 70508.754006515141 102912.34149816177 444616.14270833333 15759.947404042297 207866.34508351295 11083.364502556211 -496.72222500373857 -2292.4257917131699 1517361.6632513232 -2125.5097675781249 19852.002806507458 335942.67915558512
leaf_weight=447811 37 989 57 32 20 267 32 41 23 382 20 52 32 22 21 18709 1089 21 758 34 24 2538 29 1680 7844 56 31 25 242 47
leaf_count=447811 37 989 57 32 20 267 32 41 23 382 20 52 32 22 21 18709 1089 21 758 34 24 2538 29 1680 7844 56 31 25 242 47
internal_value=0 -121.175 59357.3 268969 -308.477 37525.9 100875 59650.1 183949 28254.4 78953 194475 119693 245181 94607.2 -493.537 7621.32 43197.6 82595.5 320695 244307 17532 42413.3 -858.331 8279.49 36538.4 418363 839019 2053.02 71257.8
internal_weight=0 482928 1516 143 481412 1373 384 352 85 3099 541 130 111 54 62 478313 20577 1868 779 78 58 2558 411 457736 9925 1792 112 56 8133 289
internal_count=482965 482928 1516 143 481412 1373 384 352 85 3099 541 130 111 54 62 478313 20577 1868 779 78 58 2558 411 457736 9925 1792 112 56 8133 289
shrinkage=0.05


Tree=16
num_leaves=31
num_cat=0
split_feature=0 2 0 6 0 4 6 2 2 4 1 3 3 6 3 0 3 3 6 6 6 4 1 4 6 4 6 16 1 6
split_gain=6.62752e+15 1.9694e+15 2.28962e+15 2.47799e+15 9.93331e+14 1.62014e+15 4.06179e+15 7.98243e+14 6.5107e+14 6.41407e+14 6.38785e+14 5.79254e+14 5.61609e+14 8.01795e+14 5.85247e+14 4.1927e+14 4.0697e+14 4.05199e+14 4.2807e+14 6.42646e+14 7.9253e+14 3.97758e+14 3.80681e+14 3.44085e+14 6.39871e+14 3.0092e+14 4.55561e+14 2.95675e+14 2.38059e+15 1.99659e+15
threshold=45.321466082769419 11.537823619790585 1.0000000180025095e-35 -0.15917008731747109 1.0000000180025095e-35 -0.02542640511300254 0.51877174241791246 2.9659862702255633 3.9318821759475338 -0.11096611702749119 2.8353343887920333 17.278036855962725 1.8034803883705803 -0.12174932541965629 13.208016524760406 17.409382287572562 24.739740796500303 2.1256903312574305 0.10324261896840857 0.40738414093190189 0.20085489026069356 -0.10719230620773433 1.8613139672365355 1.2079807644775291 -0.16578497113494176 -0.106772993894428 0.066963955258122834 1.0000000180025095e-35 -0.82136304767073864 -0.14228953262495866
decision_type=2 2 2 2 2 2 2 2 2 2 2 2 2 2 2 2 2 2 2 2 2 2 2 2 2 2 2 2 2 2
left_child=1 4 16 11 9 7 15 -6 -9 -1 12 -4 22 -14 17 23 -3 -15 -19 20 -20 -16 27 -7 -25 -24 -27 -11 -29 -30
right_child=-2 2 3 -5 5 6 -8 8 -10 10 -12 -13 13 14 21 -17 -18 18 19 -21 -22 -23 25 24 -26 26 -28 28 29 -31
leaf_value=-1331.6129228472173 669093.14070945955 42946.867026793283 339858.07228009263 830823.42874999996 -2687.5477023544468 61018.412208059213 619870.242588141 338558.54138532368 71214.532230639859 1317.4627511343701 260958.24028320314 9204.1085336538472 11788.090467191923 281320.41010742186 124505.47393329328 -130374.79273097828 246739.1252403846 10911.06749222367 92597.620442708343 18434.806549009343 394750.55995375692 383214.58645833336 15272.824779113136 69000.326907169117 420033.6998511905 61135.703492259985 277021.91159428185 1895.002965325295 40931.450997267617 197332.74489835522
leaf_weight=372191 37 424 27 20 986 190 39 28 122 95388 24 26 2142 20 39 23 26 270 60 97 34 24 384 34 21 192 28 8988 808 273
leaf_count=372191 37 424 27 20 986 190 39 28 122 95388 24 26 2142 20 39 23 26 270 60 97 34 24 384 34 21 192 28 8988 808 273
internal_value=0 -115.117 96857.8 356602 -220.25 41202 143116 13660.1 121119 -344.526 3033.07 177650 2976.15 25555.1 79762.5 73737.3 54721.5 60993.7 51435 108720 201887 223061 2404.34 92898.8 203031 41985.8 88612.1 2177.64 10326.4 80429.7
internal_weight=0 482928 523 73 482405 1443 307 1136 150 480962 108771 53 108747 2686 544 268 450 481 461 191 94 63 106061 245 55 604 220 105457 10069 1081
internal_count=482965 482928 523 73 482405 1443 307 1136 150 480962 108771 53 108747 2686 544 268 450 481 461 191 94 63 106061 245 55 604 220 105457 10069 1081
shrinkage=0.05


Tree=17
num_leaves=31
num_cat=0
split_feature=0 0 6 5 3 2 2 5 6 5 6 13 5 6 6 1 0 6 6 3 5 5 20 1 5 1 7 0 6 5
split_gain=5.98134e+15 1.80599e+15 1.86714e+15 5.69916e+15 1.19441e+15 1.30255e+15 1.08019e+15 8.36748e+14 1.49863e+15 6.11368e+14 6.32233e+14 1.29589e+15 2.49863e+15 5.41427e+14 2.48879e+15 4.00971e+14 3.55955e+14 7.60059e+14 2.99604e+14 4.00241e+14 3.689e+14 8.50341e+14 3.09874e+14 3.6406e+15 6.5491e+14 5.11979e+14 3.27577e+14 2.94914e+14 2.84692e+14 2.79538e+14
threshold=45.321466082769419 10.43136133877335 0.11892216928941862 0.33381913470312774 5.8480630925028825 14.107028518816232 12.12831059049511 4.9863453080246236 -0.16698049389859079 0.17822257958007034 4.1559409709727451 1.0000000180025095e-35 0.65186984388310243 0.22655321122812108 0.40738414093190189 2.0111632628604585 1.0000000180025095e-35 0.25176163823128567 -0.12174932541965629 4.6864114563055557 0.57182511149847504 1.2087541711092156 1.0000000180025095e-35 -0.82136304767073864 0.94272662625605086 -0.8003841462833895 0.26662740275390812 24.387403236371775 -0.005903893417598653 -0.21360643537262944
decision_type=2 2 2 2 2 2 2 2 2 2 2 2 2 2 2 2 2 2 2 2 2 2 2 2 2 2 2 2 2 2
left_child=1 4 6 -4 9 13 27 8 -7 -1 15 -12 -13 29 -15 16 18 -18 -11 22 -21 -22 23 -20 26 -26 -25 -3 -27 -6
right_child=-2 2 3 -5 5 7 -8 -9 -10 10 11 12 -14 14 -16 -17 17 -19 19 20 21 -23 -24 24 25 28 -28 -29 -30 -31
leaf_value=-912.19055380479847 635638.46199324331 30328.274577227294 -24118.894979039636 901280.29743303568 100793.79977276141 159899.58972077549 300774.9877533784 -3302.3962754360468 625252.43799715908 1460.9603080528316 -28811.525312500002 -72429.997407670468 651578.95306490385 580806.9367513021 -24606.070696390088 58203.218874156992 27940.666253558666 268887.38083367603 11287.06029915947 -11158.495366379311 459326.921875 17886.19970703125 -1636.1447985462837 315711.01000000001 -1218.2463272758152 409147.67357889813 587197.39904296875 -151155.82307692309 181338.68642578126 16348.611357439118
leaf_weight=436650 37 161 41 28 104 81 37 43 22 30249 60 22 26 24 58 351 236 38 8756 29 20 24 4019 25 23 24 20 26 32 1699
leaf_count=436650 37 161 41 28 104 81 37 43 22 30249 60 22 26 24 58 351 236 38 8756 29 20 24 4019 25 23 24 20 26 32 1699
internal_value=0 -109.361 123988 351405 -184.698 38078 53935.2 181955 259295 -346.394 5274.37 126101 319742 26934.2 152588 4976.75 4547.22 61356.6 4187.08 10544 127291 218541 9883.32 15096.9 284122 197397 436372 5095.19 278971 21219.5
internal_weight=0 482928 293 69 482635 2031 224 146 103 480604 43954 108 48 1885 82 43846 43495 274 43221 12972 73 44 12899 8880 124 79 45 187 56 1803
internal_count=482965 482928 293 69 482635 2031 224 146 103 480604 43954 108 48 1885 82 43846 43495 274 43221 12972 73 44 12899 8880 124 79 45 187 56 1803
shrinkage=0.05


Tree=18
num_leaves=31
num_cat=0
split_feature=0 0 5 6 3 5 6 3 5 6 7 6 6 6 5 6 13 5 1 3 7 7 3 6 20 1 6 7 7 5
split_gain=5.39816e+15 1.63165e+15 2.14646e+15 3.61478e+15 7.66425e+14 6.29299e+14 2.27728e+15 5.94501e+14 6.81388e+14 5.53079e+14 6.10662e+14 4.50952e+14 1.2841e+15 1.70747e+15 4.42162e+14 5.36427e+14 1.22455e+15 2.25502e+15 3.72198e+14 3.54693e+14 3.10661e+14 2.8239e+14 3.67973e+14 2.51265e+14 3.19736e+14 3.65143e+15 8.02329e+14 7.8963e+14 7.48874e+14 9.27686e+14
threshold=45.321466082769419 1.0000000180025095e-35 3.0957762226011512 0.025048813714308473 4.0335123615085164 0.17065557385979407 0.51877174241791246 7.7304474956839551 1.360921926765196 -0.19449603960129055 0.20082206030148658 0.14010790669383816 0.40738414093190189 0.22655321122812108 0.17822257958007034 4.1559409709727451 1.0000000180025095e-35 0.65186984388310243 1.8613139672365355 30.844771293303783 0.9342008895110876 -1.2692998306361309 7.1453820730736215 -0.19228355552379631 1.0000000180025095e-35 -0.82136304767073864 -0.14228953262495866 -0.094800924827411995 0.22320255748073653 0.75709851718059595
decision_type=2 2 2 2 2 2 2 2 2 2 2 2 2 2 2 2 2 2 2 2 2 2 2 2 2 2 2 2 2 2
left_child=1 4 5 9 14 -3 7 20 -9 -4 -11 19 13 -13 -1 18 -17 -18 23 21 -7 22 -6 -16 25 -25 -27 -28 -29 -30
right_child=-2 2 3 -5 11 6 -8 8 -10 10 -12 12 -14 -15 15 16 17 -19 -20 -21 -22 -23 -24 24 -26 26 27 28 29 -31
leaf_value=-905.16435620334403 603856.54375000007 11393.486805384127 -7569.6267817982462 704237.09609375009 -11076.973646763394 33336.961883518954 490650.43994140625 295613.14224694291 11516.966786858975 355146.51606445317 12945.720166015626 67582.488537991434 -25625.421722441453 500506.75096672907 -391.84546369644374 -36342.66611907442 -68808.497585227276 619000.00649038458 48429.97176485692 182468.13106060607 -132721.26142578127 15268.270988416434 233691.51349954048 8336.612572740547 -1833.7670332589216 89001.463543254577 473694.03695312497 1905.321695963542 588101.51453125 184007.78419762437
leaf_weight=435345 37 989 57 32 28 235 32 46 39 32 22 62 104 36 20204 59 22 26 469 33 32 2802 34 15291 6676 82 40 30 20 49
leaf_count=435345 37 989 57 32 28 235 32 46 39 32 22 62 104 36 20204 59 22 26 469 33 32 2802 34 15291 6676 82 40 30 20 49
internal_value=0 -103.893 51686.7 236039 -266.985 32486.1 86810.6 50097.9 165263 101063 215731 24518.2 96749.1 226616 -427.569 4411.36 116224 303754 4132.22 19481.7 13434.9 17603.7 123151 3642.14 7315.41 11253 213038 286211 210460 301136
internal_weight=0 482928 1516 143 481412 1373 384 352 85 111 54 3099 202 98 478313 42968 107 48 42861 2897 267 2864 62 42392 22188 15512 221 139 99 69
internal_count=482965 482928 1516 143 481412 1373 384 352 85 111 54 3099 202 98 478313 42968 107 48 42861 2897 267 2864 62 42392 22188 15512 221 139 99 69
shrinkage=0.05


Tree=19
num_leaves=31
num_cat=0
split_feature=0 2 0 7 0 4 7 6 2 2 4 1 7 7 2 6 6 6 5 5 1 7 7 7 4 6 5 4 16 1
split_gain=4.87184e+15 1.56057e+15 1.87752e+15 2.88665e+15 7.30323e+14 1.32013e+15 3.75244e+15 9.95514e+14 6.4478e+14 5.80741e+14 5.22404e+14 5.61701e+14 4.91971e+14 3.56177e+14 3.0297e+14 6.28084e+14 6.60137e+14 5.67174e+14 3.06263e+14 4.52641e+14 3.02149e+14 2.82268e+14 2.84035e+14 4.16058e+14 2.66827e+14 4.74804e+14 1.55912e+15 1.11764e+15 2.94925e+14 1.98236e+15
threshold=45.321466082769419 11.537823619790585 1.0000000180025095e-35 -0.24189662323900676 1.0000000180025095e-35 -0.02542640511300254 2.112469644524841 0.66001885396969417 2.9659862702255633 3.9318821759475338 -0.11096611702749119 2.8353343887920333 -0.6065937441183622 -1.2469909128721666 2.9659862702255633 0.10324261896840857 0.30587681647000448 0.22655321122812108 0.96755586377558267 1.5338989481520098 1.8613139672365355 0.90513964690519588 -0.68814655793358215 -0.6179987309538435 1.0947664398848234 0.10324261896840857 3.0957762226011512 1.8962819267698479 1.0000000180025095e-35 -0.82136304767073864
decision_type=2 2 2 2 2 2 2 2 2 2 2 2 2 2 2 2 2 2 2 2 2 2 2 2 2 2 2 2 2 2
left_child=1 4 13 12 10 8 7 -7 -6 -10 -1 14 -4 -3 20 -16 17 18 -17 -20 24 22 -15 -24 28 -26 -27 -28 -12 -30
right_child=-2 2 3 -5 5 6 -8 -9 9 -11 11 -13 -14 21 15 16 -18 -19 19 -21 -22 -23 23 -25 25 26 27 -29 29 -31
leaf_value=-1189.6700065311572 573663.71047297295 244271.64325284094 266872.66982758621 833267.80632812507 -4228.4996264846523 41611.730736142112 690251.29661458335 355874.87756696431 312402.44603794644 59910.356132332228 417.4985022709235 244612.11484375002 -39163.71588541667 -38501.024860181307 11180.769539696266 22859.401971726191 23982.50645237973 374426.99057112075 384372.71546875004 47979.615898437507 37488.274074837384 -118501.05196759259 234373.52288602942 49530.758150773203 8237.6904602365157 25004.696823005786 13372.341738281251 481920.31968750007 1758.8051394116374 73457.346020581288
leaf_weight=372191 37 22 29 20 986 252 27 28 28 122 87733 24 24 76 3084 42 152 29 20 20 604 27 34 291 6601 347 20 35 8980 1080
leaf_count=372191 37 22 29 20 986 252 27 28 28 122 87733 24 24 76 3084 42 152 29 20 20 604 27 34 291 6601 347 20 35 8980 1080
internal_value=0 -98.6981 86224.2 321435 -192.285 35325.3 127321 73038 10463.9 107042 -298.847 2749.36 128290 48067.8 2695.98 17505.9 91676.3 184374 117160 216176 2225.69 37982.6 48518.9 68868.2 2022.45 11450.6 64207.2 311539 1347.3 9456.06
internal_weight=0 482928 523 73 482405 1443 307 280 1136 150 480962 108771 53 450 108747 3347 263 111 82 40 105400 428 401 325 104796 7003 402 55 97793 10060
internal_count=482965 482928 523 73 482405 1443 307 280 1136 150 480962 108771 53 450 108747 3347 263 111 82 40 105400 428 401 325 104796 7003 402 55 97793 10060
shrinkage=0.05


end of trees

feature_importances:
PopDensity=121
HPI=93
DURATION=84
STORM_AREA=76
TOR_WIDTH=71
DEATHS_DIRECT=60
TOR_LENGTH=49
MAGNITUDE=25
EVENT_TYPE_Flash_Flood=14
EVENT_TYPE_Hail=4
EVENT_TYPE_Thunderstorm_Wind=3

parameters:
[boosting: gbdt]
[objective: regression]
[metric: l1,l2]
[tree_learner: serial]
[device_type: cpu]
[data: ]
[valid: ]
[num_iterations: 20]
[learning_rate: 0.05]
[num_leaves: 31]
[num_threads: 0]
[deterministic: 0]
[force_col_wise: 0]
[force_row_wise: 0]
[histogram_pool_size: -1]
[max_depth: -1]
[min_data_in_leaf: 20]
[min_sum_hessian_in_leaf: 0.001]
[bagging_fraction: 0.8]
[pos_bagging_fraction: 1]
[neg_bagging_fraction: 1]
[bagging_freq: 5]
[bagging_seed: 3]
[feature_fraction: 0.9]
[feature_fraction_bynode: 1]
[feature_fraction_seed: 2]
[extra_trees: 0]
[extra_seed: 6]
[early_stopping_round: 0]
[first_metric_only: 0]
[max_delta_step: 0]
[lambda_l1: 0]
[lambda_l2: 0]
[min_gain_to_split: 0]
[drop_rate: 0.1]
[max_drop: 50]
[skip_drop: 0.5]
[xgboost_dart_mode: 0]
[uniform_drop: 0]
[drop_seed: 4]
[top_rate: 0.2]
[other_rate: 0.1]
[min_data_per_group: 100]
[max_cat_threshold: 32]
[cat_l2: 10]
[cat_smooth: 10]
[max_cat_to_onehot: 4]
[top_k: 20]
[monotone_constraints: ]
[monotone_constraints_method: basic]
[monotone_penalty: 0]
[feature_contri: ]
[forcedsplits_filename: ]
[refit_decay_rate: 0.9]
[cegb_tradeoff: 1]
[cegb_penalty_split: 0]
[cegb_penalty_feature_lazy: ]
[cegb_penalty_feature_coupled: ]
[path_smooth: 0]
[interaction_constraints: ]
[verbosity: 0]
[saved_feature_importance_type: 0]
[max_bin: 255]
[max_bin_by_feature: ]
[min_data_in_bin: 3]
[bin_construct_sample_cnt: 200000]
[data_random_seed: 1]
[is_enable_sparse: 1]
[enable_bundle: 1]
[use_missing: 1]
[zero_as_missing: 0]
[feature_pre_filter: 1]
[pre_partition: 0]
[two_round: 0]
[header: 0]
[label_column: ]
[weight_column: ]
[group_column: ]
[ignore_column: ]
[categorical_feature: ]
[forcedbins_filename: ]
[objective_seed: 5]
[num_class: 1]
[is_unbalance: 0]
[scale_pos_weight: 1]
[sigmoid: 1]
[boost_from_average: 1]
[reg_sqrt: 0]
[alpha: 0.9]
[fair_c: 1]
[poisson_max_delta_step: 0.7]
[tweedie_variance_power: 1.5]
[lambdarank_truncation_level: 30]
[lambdarank_norm: 1]
[label_gain: ]
[eval_at: ]
[multi_error_top_k: 1]
[auc_mu_weights: ]
[num_machines: 1]
[local_listen_port: 12400]
[time_out: 120]
[machine_list_filename: ]
[machines: ]
[gpu_platform_id: -1]
[gpu_device_id: -1]
[gpu_use_dp: 0]
[num_gpu: 1]

end of parameters

pandas_categorical:[]
